+---------------+--------------+-------------+---------------+
|   Buffer Size |   Clock Time |   User Time |   System Time |
+===============+==============+=============+===============+
|             1 |         4.14 |        0.99 |          2.95 |
+---------------+--------------+-------------+---------------+
|             2 |         2.01 |        0.49 |          1.47 |
+---------------+--------------+-------------+---------------+
|             4 |         1.05 |        0.24 |          0.73 |
+---------------+--------------+-------------+---------------+
|             8 |         0.58 |        0.12 |          0.37 |
+---------------+--------------+-------------+---------------+
|            16 |         0.32 |        0.06 |          0.18 |
+---------------+--------------+-------------+---------------+
|            32 |         0.21 |        0.03 |          0.09 |
+---------------+--------------+-------------+---------------+
|            64 |         0.16 |        0.01 |          0.05 |
+---------------+--------------+-------------+---------------+
|           128 |         0.11 |        0    |          0.02 |
+---------------+--------------+-------------+---------------+
|           256 |         0.07 |        0    |          0.01 |
+---------------+--------------+-------------+---------------+
|           512 |         0.05 |        0    |          0    |
+---------------+--------------+-------------+---------------+
|          1024 |         0.05 |        0    |          0    |
+---------------+--------------+-------------+---------------+
|          2048 |         0.04 |        0    |          0    |
+---------------+--------------+-------------+---------------+
|          4096 |         0.05 |        0    |          0    |
+---------------+--------------+-------------+---------------+
|          8192 |         0.04 |        0    |          0    |
+---------------+--------------+-------------+---------------+
|         16384 |         0.04 |        0    |          0    |
+---------------+--------------+-------------+---------------+